joint1,joint2,joint3,joint4,joint5,joint6,joint7
-0.0506389,0.636868,1.8327,1.47356,-0.00572656,0.614782,-0.0494808
-0.0505343,0.636854,1.83261,1.47354,-0.00573696,0.614734,-0.0494734
-0.0499022,0.636773,1.83212,1.47344,-0.0057999,0.614445,-0.0494282
-0.048465,0.636589,1.831,1.47322,-0.00594325,0.613787,-0.0493252
-0.0461682,0.636295,1.82921,1.47286,-0.00617288,0.612737,-0.0491603
-0.0431249,0.635909,1.82684,1.47239,-0.00647802,0.61135,-0.0489411
-0.0395614,0.635459,1.82406,1.47183,-0.00683666,0.609728,-0.0486834
-0.0357619,0.634984,1.82109,1.47123,-0.00722097,0.608005,-0.0484071
-0.0320137,0.634521,1.81817,1.47063,-0.00760263,0.606313,-0.0481326
-0.0285524,0.6341,1.81547,1.47007,-0.00795825,0.604759,-0.0478766
-0.0255069,0.633738,1.8131,1.46957,-0.00827476,0.603403,-0.0476485
-0.0228441,0.633428,1.81102,1.46913,-0.00855479,0.602226,-0.0474465
-0.0219171,0.633321,1.8103,1.46898,-0.00865278,0.601818,-0.0473758
-0.0219171,0.633321,1.8103,1.46898,-0.00865278,0.601818,-0.0473758
-0.0194136,0.633034,1.80835,1.46856,-0.00891771,0.600717,-0.0471846
-0.0169119,0.632749,1.8064,1.46813,-0.00918339,0.59962,-0.0469928
-0.0144138,0.632469,1.80445,1.46771,-0.00945039,0.598529,-0.0468
-0.0119203,0.632194,1.8025,1.46728,-0.00971908,0.597447,-0.0466058
-0.00943245,0.631925,1.80056,1.46685,-0.00998966,0.596375,-0.04641
-0.00695071,0.631662,1.79863,1.46641,-0.0102622,0.595313,-0.0462127
-0.00447521,0.631406,1.7967,1.46597,-0.0105366,0.594261,-0.046014
-0.00200568,0.631155,1.79477,1.46552,-0.0108126,0.593218,-0.0458139
0.000458599,0.630909,1.79285,1.46508,-0.0110899,0.592181,-0.0456128
0.00291879,0.630666,1.79093,1.46463,-0.0113683,0.59115,-0.0454109
0.00537652,0.630425,1.78902,1.46418,-0.0116472,0.590121,-0.0452086
0.00577943,0.630385,1.7887,1.4641,-0.0116929,0.589953,-0.0451754
0.00577943,0.630385,1.7887,1.4641,-0.0116929,0.589953,-0.0451754
0.00823619,0.630145,1.78679,1.46365,-0.0119721,0.588925,-0.0449729
0.0106908,0.629907,1.78487,1.4632,-0.012252,0.587902,-0.0447698
0.0131417,0.629673,1.78296,1.46274,-0.0125331,0.586885,-0.0445657
0.0155873,0.629445,1.78106,1.46229,-0.0128158,0.585876,-0.0443603
0.0180268,0.629222,1.77916,1.46182,-0.0131003,0.584877,-0.0441536
0.0204598,0.629005,1.77726,1.46136,-0.0133866,0.583886,-0.0439454
0.0228861,0.628794,1.77537,1.46089,-0.0136746,0.582905,-0.0437359
0.0253062,0.628588,1.77348,1.46042,-0.0139639,0.581931,-0.0435253
0.0277209,0.628386,1.7716,1.45994,-0.0142545,0.580964,-0.0433137
0.0301316,0.628187,1.76972,1.45946,-0.0145458,0.580002,-0.0431016
0.0324151,0.628,1.76794,1.45901,-0.0148224,0.579091,-0.0429002
0.0324151,0.628,1.76794,1.45901,-0.0148224,0.579091,-0.0429002
0.0348229,0.627803,1.76607,1.45854,-0.0151143,0.578132,-0.0426876
0.0372284,0.627608,1.76419,1.45806,-0.0154069,0.577176,-0.0424744
0.0396296,0.627417,1.76232,1.45758,-0.0157007,0.576226,-0.0422604
0.0420253,0.627231,1.76046,1.45709,-0.015996,0.575284,-0.0420451
0.0444144,0.62705,1.7586,1.4566,-0.0162928,0.57435,-0.0418286
0.0467964,0.626876,1.75674,1.45611,-0.0165913,0.573425,-0.0416109
0.0491715,0.626706,1.75489,1.45562,-0.0168912,0.572509,-0.041392
0.0515402,0.626541,1.75305,1.45513,-0.0171924,0.5716,-0.0411721
0.0539035,0.62638,1.75121,1.45463,-0.0174945,0.570696,-0.0409515
0.056263,0.626221,1.74937,1.45413,-0.0177972,0.569796,-0.0407305
0.0579683,0.626106,1.74804,1.45377,-0.0180164,0.569146,-0.0405704
0.0579683,0.626106,1.74804,1.45377,-0.0180164,0.569146,-0.0405704
0.0603254,0.625949,1.74621,1.45327,-0.0183195,0.568249,-0.0403491
0.0626799,0.625793,1.74438,1.45277,-0.0186232,0.567355,-0.0401272
0.0650299,0.625642,1.74255,1.45227,-0.0189281,0.566466,-0.0399045
0.0673738,0.625495,1.74072,1.45176,-0.0192343,0.565585,-0.0396807
0.0697108,0.625353,1.7389,1.45125,-0.0195419,0.564713,-0.0394558
0.0720404,0.625217,1.73709,1.45074,-0.0198509,0.563848,-0.0392299
0.0743627,0.625085,1.73529,1.45023,-0.0201611,0.562991,-0.0390029
0.0766785,0.624957,1.73348,1.44971,-0.0204724,0.56214,-0.0387752
0.078989,0.624833,1.73169,1.4492,-0.0207844,0.561295,-0.0385469
0.0812959,0.62471,1.72989,1.44868,-0.0210969,0.560452,-0.0383183
0.0824296,0.624651,1.72901,1.44842,-0.0212506,0.560039,-0.0382059
0.0824296,0.624651,1.72901,1.44842,-0.0212506,0.560039,-0.0382059
0.0847346,0.624529,1.72722,1.44791,-0.0215634,0.559198,-0.037977
0.0870369,0.62441,1.72543,1.44739,-0.0218767,0.558361,-0.0377478
0.0893343,0.624294,1.72364,1.44687,-0.022191,0.557529,-0.0375177
0.0916252,0.624183,1.72186,1.44634,-0.0225065,0.556704,-0.0372868
0.0939089,0.624076,1.72009,1.44582,-0.0228232,0.555887,-0.0370549
0.0961848,0.623974,1.71832,1.44529,-0.0231411,0.555077,-0.0368221
0.0984533,0.623877,1.71656,1.44476,-0.02346,0.554275,-0.0365885
0.100715,0.623784,1.7148,1.44423,-0.0237797,0.553478,-0.0363543
0.102972,0.623693,1.71305,1.44369,-0.0241,0.552686,-0.0361196
0.105225,0.623603,1.7113,1.44316,-0.0244206,0.551897,-0.0358848
0.1058,0.623581,1.71085,1.44303,-0.0245025,0.551696,-0.0358249
0.1058,0.623581,1.71085,1.44303,-0.0245025,0.551696,-0.0358249
0.108052,0.623492,1.7091,1.44249,-0.0248232,0.550907,-0.0355899
0.110301,0.623406,1.70736,1.44196,-0.0251445,0.550122,-0.0353545
0.112545,0.623322,1.70561,1.44142,-0.0254666,0.549342,-0.0351185
0.114782,0.623243,1.70388,1.44088,-0.0257898,0.548569,-0.0348816
0.117012,0.623169,1.70215,1.44034,-0.026114,0.547803,-0.034644
0.119233,0.623098,1.70042,1.4398,-0.0264392,0.547044,-0.0344057
0.121447,0.623032,1.6987,1.43926,-0.0267651,0.546292,-0.0341667
0.123655,0.622969,1.69699,1.43871,-0.0270917,0.545545,-0.0339273
0.125857,0.622909,1.69528,1.43817,-0.0274187,0.544802,-0.0336876
0.128057,0.62285,1.69358,1.43762,-0.0277459,0.544061,-0.0334478
0.12809,0.622849,1.69355,1.43761,-0.0277509,0.54405,-0.0334442
0.12809,0.622849,1.69355,1.43761,-0.0277509,0.54405,-0.0334442
0.130289,0.62279,1.69185,1.43707,-0.0280781,0.54331,-0.0332043
0.132484,0.622733,1.69014,1.43652,-0.0284058,0.542573,-0.032964
0.134674,0.622679,1.68845,1.43597,-0.0287343,0.541841,-0.0327233
0.136857,0.622629,1.68675,1.43542,-0.0290636,0.541115,-0.0324818
0.139032,0.622584,1.68507,1.43487,-0.0293937,0.540396,-0.0322398
0.141198,0.622542,1.68339,1.43432,-0.0297245,0.539684,-0.0319972
0.143357,0.622504,1.68172,1.43376,-0.030056,0.538978,-0.0317541
0.14551,0.622469,1.68005,1.4332,-0.0303879,0.538277,-0.0315108
0.147658,0.622436,1.67839,1.43265,-0.0307201,0.537579,-0.0312672
0.149318,0.622411,1.6771,1.43222,-0.0309771,0.537041,-0.0310788
0.149318,0.622411,1.6771,1.43222,-0.0309771,0.537041,-0.0310788
0.151463,0.622379,1.67544,1.43166,-0.0313094,0.536345,-0.0308352
0.153604,0.622348,1.67378,1.4311,-0.031642,0.535652,-0.0305913
0.15574,0.622321,1.67213,1.43055,-0.0319753,0.534964,-0.0303469
0.157868,0.622298,1.67048,1.42999,-0.0323092,0.534283,-0.0301021
0.159988,0.622278,1.66884,1.42943,-0.0326438,0.533607,-0.0298567
0.1621,0.622262,1.66721,1.42886,-0.0329789,0.532938,-0.029611
0.164204,0.622249,1.66558,1.4283,-0.0333144,0.532275,-0.0293651
0.166302,0.622239,1.66396,1.42774,-0.0336502,0.531616,-0.0291189
0.168395,0.622231,1.66234,1.42717,-0.033986,0.53096,-0.0288727
0.169507,0.622226,1.66148,1.42687,-0.0341646,0.530612,-0.0287418
0.169507,0.622226,1.66148,1.42687,-0.0341646,0.530612,-0.0287418
0.171598,0.622219,1.65986,1.42631,-0.0345005,0.529957,-0.0284955
0.173685,0.622212,1.65825,1.42574,-0.0348368,0.529306,-0.028249
0.175767,0.622209,1.65664,1.42517,-0.0351735,0.528659,-0.0280022
0.177841,0.622209,1.65504,1.42461,-0.0355107,0.528018,-0.0277551
0.179906,0.622213,1.65344,1.42404,-0.0358483,0.527383,-0.0275076
0.181963,0.62222,1.65185,1.42347,-0.0361863,0.526753,-0.0272599
0.184012,0.62223,1.65027,1.4229,-0.0365245,0.52613,-0.027012
0.186055,0.622242,1.64869,1.42233,-0.0368628,0.52551,-0.0267641
0.188095,0.622256,1.64712,1.42176,-0.0372011,0.524892,-0.0265163
0.188686,0.62226,1.64666,1.42159,-0.0372992,0.524713,-0.0264444
0.188686,0.62226,1.64666,1.42159,-0.0372992,0.524713,-0.0264444
0.190723,0.622274,1.64509,1.42102,-0.0376375,0.524097,-0.0261965
0.192757,0.622289,1.64352,1.42045,-0.0379761,0.523483,-0.0259484
0.194785,0.622307,1.64195,1.41988,-0.038315,0.522874,-0.0257001
0.196804,0.622329,1.6404,1.41931,-0.0386541,0.52227,-0.0254517
0.198815,0.622353,1.63884,1.41873,-0.0389936,0.521672,-0.025203
0.200818,0.622381,1.6373,1.41816,-0.0393332,0.52108,-0.0249543
0.202813,0.622411,1.63576,1.41759,-0.0396728,0.520493,-0.0247056
0.204802,0.622443,1.63423,1.41701,-0.0400124,0.519909,-0.0244569
0.206787,0.622476,1.6327,1.41644,-0.040352,0.519327,-0.0242083
0.206887,0.622478,1.63262,1.41641,-0.040369,0.519298,-0.0241958
0.206887,0.622478,1.63262,1.41641,-0.040369,0.519298,-0.0241958
0.208871,0.622511,1.63109,1.41583,-0.0407086,0.518716,-0.0239472
0.210852,0.622546,1.62957,1.41526,-0.0410483,0.518138,-0.0236985
0.212826,0.622583,1.62805,1.41468,-0.0413881,0.517564,-0.0234497
0.214792,0.622624,1.62653,1.4141,-0.0417281,0.516995,-0.0232008
0.216749,0.622667,1.62502,1.41353,-0.0420682,0.516432,-0.0229519
0.218698,0.622713,1.62352,1.41295,-0.0424083,0.515874,-0.0227031
0.220639,0.622761,1.62203,1.41237,-0.0427483,0.51532,-0.0224544
0.222575,0.622811,1.62054,1.41179,-0.0430881,0.51477,-0.0222058
0.224145,0.622852,1.61933,1.41133,-0.0433642,0.514323,-0.0220039
0.224145,0.622852,1.61933,1.41133,-0.0433642,0.514323,-0.0220039
0.226077,0.622903,1.61785,1.41075,-0.0437039,0.513775,-0.0217554
0.228005,0.622955,1.61636,1.41017,-0.0440437,0.513229,-0.0215068
0.229927,0.623009,1.61489,1.40959,-0.0443835,0.512687,-0.0212583
0.23184,0.623066,1.61341,1.40901,-0.0447233,0.512151,-0.0210098
0.233743,0.623126,1.61195,1.40843,-0.045063,0.51162,-0.0207615
0.235639,0.623188,1.6105,1.40785,-0.0454026,0.511094,-0.0205133
0.237527,0.623253,1.60904,1.40728,-0.0457418,0.510571,-0.0202654
0.23941,0.623318,1.6076,1.4067,-0.0460809,0.510052,-0.0200176
0.240498,0.623356,1.60676,1.40636,-0.0462769,0.509752,-0.0198745
0.240498,0.623356,1.60676,1.40636,-0.0462769,0.509752,-0.0198745
0.242378,0.623422,1.60532,1.40578,-0.0466158,0.509234,-0.0196268
0.244254,0.62349,1.60388,1.4052,-0.0469548,0.508718,-0.0193792
0.246123,0.623559,1.60244,1.40463,-0.0472936,0.508207,-0.0191317
0.247984,0.623631,1.60101,1.40405,-0.0476323,0.5077,-0.0188844
0.249835,0.623706,1.59959,1.40347,-0.0479707,0.507199,-0.0186373
0.251678,0.623783,1.59818,1.40289,-0.0483088,0.506702,-0.0183905
0.253514,0.623861,1.59677,1.40231,-0.0486465,0.506209,-0.018144
0.255346,0.62394,1.59537,1.40173,-0.0489839,0.505718,-0.0178978
0.255982,0.623968,1.59488,1.40153,-0.0491011,0.505548,-0.0178123
0.255982,0.623968,1.59488,1.40153,-0.0491011,0.505548,-0.0178123
0.257811,0.624048,1.59348,1.40095,-0.0494384,0.505058,-0.0175661
0.259636,0.624129,1.59208,1.40037,-0.0497757,0.504571,-0.0173201
0.261454,0.624212,1.59069,1.39979,-0.0501127,0.504088,-0.0170742
0.263263,0.624297,1.5893,1.39921,-0.0504494,0.503609,-0.0168287
0.265063,0.624384,1.58792,1.39863,-0.0507857,0.503136,-0.0165835
0.266855,0.624473,1.58655,1.39806,-0.0511215,0.502666,-0.0163387
0.26864,0.624564,1.58518,1.39748,-0.0514568,0.5022,-0.0160943
0.270421,0.624656,1.58382,1.3969,-0.0517919,0.501736,-0.0158501
0.270635,0.624667,1.58366,1.39683,-0.0518323,0.50168,-0.0158207
0.270635,0.624667,1.58366,1.39683,-0.0518323,0.50168,-0.0158207
0.272414,0.624758,1.58229,1.39625,-0.0521672,0.501217,-0.0155766
0.274189,0.624851,1.58093,1.39568,-0.0525021,0.500756,-0.0153327
0.275957,0.624946,1.57958,1.3951,-0.0528365,0.500299,-0.0150891
0.277716,0.625043,1.57824,1.39452,-0.0531705,0.499846,-0.0148458
0.279465,0.625142,1.5769,1.39395,-0.053504,0.499398,-0.0146031
0.281207,0.625242,1.57557,1.39337,-0.0538368,0.498954,-0.0143608
0.282942,0.625344,1.57424,1.39279,-0.0541692,0.498513,-0.014119
0.284496,0.625435,1.57305,1.39228,-0.0544673,0.498119,-0.013902
0.284496,0.625435,1.57305,1.39228,-0.0544673,0.498119,-0.013902
0.286227,0.625538,1.57173,1.3917,-0.0547993,0.49768,-0.0136605
0.287953,0.625641,1.57041,1.39113,-0.0551311,0.497244,-0.0134192
0.289671,0.625746,1.5691,1.39055,-0.0554623,0.496811,-0.0131782
0.29138,0.625853,1.5678,1.38998,-0.055793,0.496383,-0.0129378
0.29308,0.625961,1.5665,1.3894,-0.056123,0.495959,-0.012698
0.294772,0.626071,1.56521,1.38883,-0.0564523,0.495539,-0.0124587
0.296459,0.626182,1.56392,1.38826,-0.0567811,0.495121,-0.0122198
0.297603,0.626258,1.56305,1.38787,-0.0570044,0.494838,-0.0120576
0.297603,0.626258,1.56305,1.38787,-0.0570044,0.494838,-0.0120576
0.299286,0.62637,1.56177,1.3873,-0.0573328,0.494422,-0.011819
0.300963,0.626482,1.56049,1.38673,-0.0576609,0.494009,-0.0115807
0.302633,0.626596,1.55921,1.38615,-0.0579885,0.493599,-0.0113429
0.304294,0.626712,1.55795,1.38558,-0.0583153,0.493193,-0.0111057
0.305946,0.626829,1.55669,1.38501,-0.0586413,0.492792,-0.0108691
0.30759,0.626947,1.55544,1.38444,-0.0589665,0.492394,-0.0106332
0.309229,0.627066,1.55419,1.38388,-0.0592912,0.491998,-0.0103977
0.309992,0.627122,1.55361,1.38361,-0.0594426,0.491814,-0.0102879
0.309992,0.627122,1.55361,1.38361,-0.0594426,0.491814,-0.0102879
0.311628,0.627241,1.55236,1.38304,-0.059767,0.491419,-0.0100526
0.313259,0.627362,1.55112,1.38248,-0.060091,0.491027,-0.00981772
0.314882,0.627484,1.54988,1.38191,-0.0604143,0.490638,-0.00958336
0.316495,0.627607,1.54866,1.38134,-0.0607367,0.490254,-0.0093497
0.3181,0.627731,1.54744,1.38078,-0.0610583,0.489873,-0.00911678
0.319697,0.627857,1.54622,1.38021,-0.061379,0.489496,-0.00888451
0.321289,0.627983,1.54501,1.37965,-0.0616992,0.489121,-0.0086527
0.3217,0.628015,1.5447,1.3795,-0.0617819,0.489024,-0.00859282
0.3217,0.628015,1.5447,1.3795,-0.0617819,0.489024,-0.00859282
0.32329,0.628142,1.54349,1.37894,-0.0621018,0.488649,-0.00836121
0.324875,0.628269,1.54228,1.37838,-0.0624213,0.488277,-0.00812996
0.326452,0.628397,1.54109,1.37782,-0.06274,0.487908,-0.00789936
0.328019,0.628527,1.5399,1.37726,-0.0630577,0.487544,-0.00766953
0.329578,0.628658,1.53871,1.3767,-0.0633744,0.487183,-0.00744051
0.331129,0.628789,1.53753,1.37614,-0.0636903,0.486824,-0.00721218
0.332676,0.628921,1.53636,1.37558,-0.0640056,0.486468,-0.00698427
0.332761,0.628928,1.5363,1.37555,-0.064023,0.486448,-0.0069717
0.332761,0.628928,1.5363,1.37555,-0.064023,0.486448,-0.0069717
0.334307,0.629061,1.53512,1.37499,-0.0643381,0.486093,-0.00674396
0.335847,0.629194,1.53395,1.37443,-0.0646527,0.485739,-0.00651663
0.337379,0.629327,1.53279,1.37388,-0.0649664,0.485389,-0.00629002
0.338901,0.629463,1.53164,1.37332,-0.0652791,0.485043,-0.00606427
0.340415,0.629599,1.53049,1.37277,-0.0655906,0.4847,-0.00583937
0.341922,0.629735,1.52935,1.37222,-0.0659013,0.48436,-0.00561518
0.34321,0.629853,1.52837,1.37174,-0.0661672,0.48407,-0.00542337
0.34321,0.629853,1.52837,1.37174,-0.0661672,0.48407,-0.00542337
0.344712,0.62999,1.52723,1.37119,-0.0664772,0.483732,-0.0051997
0.346208,0.630127,1.5261,1.37064,-0.0667867,0.483396,-0.0049765
0.347696,0.630266,1.52497,1.37009,-0.0670951,0.483063,-0.00475408
0.349175,0.630406,1.52385,1.36954,-0.0674024,0.482734,-0.00453259
0.350645,0.630546,1.52274,1.369,-0.0677086,0.482408,-0.00431199
0.352109,0.630687,1.52163,1.36845,-0.0680139,0.482085,-0.0040921
0.353078,0.630781,1.5209,1.36809,-0.0682163,0.481871,-0.00394634
0.353078,0.630781,1.5209,1.36809,-0.0682163,0.481871,-0.00394634
0.354537,0.630922,1.5198,1.36754,-0.068521,0.481549,-0.0037269
0.355991,0.631063,1.5187,1.367,-0.068825,0.48123,-0.00350798
0.357437,0.631206,1.5176,1.36646,-0.069128,0.480914,-0.00328991
0.358873,0.631349,1.51652,1.36592,-0.0694298,0.480601,-0.00307282
0.3603,0.631493,1.51544,1.36538,-0.0697303,0.480291,-0.00285666
0.361722,0.631638,1.51436,1.36484,-0.07003,0.479984,-0.00264119
0.362397,0.631706,1.51385,1.36458,-0.0701724,0.479838,-0.00253881
0.362397,0.631706,1.51385,1.36458,-0.0701724,0.479838,-0.00253881
0.363815,0.631851,1.51278,1.36404,-0.0704716,0.479531,-0.00232373
0.365228,0.631996,1.51172,1.36351,-0.0707701,0.479227,-0.00210921
0.366632,0.632141,1.51066,1.36297,-0.0710674,0.478926,-0.00189559
0.368026,0.632288,1.5096,1.36244,-0.0713634,0.478629,-0.00168302
0.369412,0.632434,1.50856,1.3619,-0.0716582,0.478334,-0.0014714
0.370793,0.632582,1.50752,1.36137,-0.0719521,0.478041,-0.00126044
0.371196,0.632625,1.50721,1.36122,-0.072038,0.477956,-0.00119877
0.371196,0.632625,1.50721,1.36122,-0.072038,0.477956,-0.00119877
0.372574,0.632772,1.50617,1.36069,-0.0723316,0.477664,-0.000988137
0.373947,0.632919,1.50514,1.36016,-0.0726243,0.477374,-0.000778105
0.37531,0.633067,1.50411,1.35963,-0.0729158,0.477087,-0.000569041
0.376664,0.633216,1.50309,1.3591,-0.073206,0.476804,-0.000361062
0.37801,0.633365,1.50207,1.35858,-0.0734948,0.476524,-0.000154051
0.379351,0.633514,1.50106,1.35806,-0.0737829,0.476245,5.23384e-05
0.379505,0.633531,1.50095,1.358,-0.0738159,0.476213,7.59514e-05
0.379505,0.633531,1.50095,1.358,-0.0738159,0.476213,7.59514e-05
0.380843,0.63368,1.49994,1.35747,-0.0741036,0.475935,0.000282071
0.382176,0.63383,1.49894,1.35695,-0.0743905,0.475658,0.000487549
0.383501,0.63398,1.49794,1.35643,-0.0746761,0.475385,0.000692005
0.384816,0.63413,1.49695,1.35592,-0.0749603,0.475115,0.000895337
0.386123,0.634281,1.49597,1.3554,-0.0752432,0.474848,0.0010977
0.387349,0.634422,1.49504,1.35491,-0.0755087,0.474597,0.00128764
0.387349,0.634422,1.49504,1.35491,-0.0755087,0.474597,0.00128764
0.388649,0.634573,1.49407,1.3544,-0.0757906,0.474332,0.0014892
0.389944,0.634724,1.49309,1.35389,-0.0760716,0.474069,0.00169009
0.39123,0.634875,1.49213,1.35338,-0.0763512,0.473808,0.0018899
0.392507,0.635027,1.49117,1.35287,-0.0766293,0.473551,0.00208856
0.393776,0.635178,1.49021,1.35236,-0.0769062,0.473296,0.00228626
0.394754,0.635295,1.48948,1.35197,-0.0771196,0.473099,0.00243864
0.394754,0.635295,1.48948,1.35197,-0.0771196,0.473099,0.00243864
0.396018,0.635447,1.48853,1.35146,-0.0773956,0.472846,0.00263564
0.397276,0.635599,1.48758,1.35096,-0.0776706,0.472595,0.00283192
0.398525,0.635751,1.48665,1.35045,-0.0779442,0.472346,0.00302707
0.399764,0.635903,1.48572,1.34995,-0.0782162,0.4721,0.00322105
0.400997,0.636055,1.48479,1.34946,-0.078487,0.471857,0.00341408
0.401745,0.636148,1.48423,1.34915,-0.0786515,0.471709,0.00353137
0.401745,0.636148,1.48423,1.34915,-0.0786515,0.471709,0.00353137
0.402973,0.6363,1.48331,1.34865,-0.0789215,0.471467,0.0037238
0.404195,0.636452,1.48239,1.34816,-0.0791906,0.471227,0.00391546
0.405408,0.636605,1.48148,1.34766,-0.0794581,0.47099,0.00410597
0.406611,0.636757,1.48058,1.34717,-0.079724,0.470755,0.00429527
0.407808,0.63691,1.47968,1.34668,-0.0799887,0.470523,0.00448366
0.408345,0.636978,1.47928,1.34646,-0.0801076,0.470419,0.00456824
0.408345,0.636978,1.47928,1.34646,-0.0801076,0.470419,0.00456824
0.409538,0.63713,1.47839,1.34597,-0.0803716,0.470187,0.0047561
0.410725,0.637283,1.4775,1.34549,-0.0806346,0.469958,0.00494317
0.411903,0.637435,1.47662,1.345,-0.080896,0.469731,0.00512905
0.413071,0.637587,1.47574,1.34452,-0.0811559,0.469507,0.0053137
0.414233,0.637739,1.47487,1.34404,-0.0814146,0.469285,0.00549749
0.414576,0.637784,1.47462,1.3439,-0.0814908,0.469219,0.00555164
0.414576,0.637784,1.47462,1.3439,-0.0814908,0.469219,0.00555164
0.415735,0.637936,1.47375,1.34342,-0.0817489,0.468998,0.00573497
0.416888,0.638088,1.47289,1.34294,-0.0820059,0.468779,0.00591748
0.418031,0.63824,1.47203,1.34246,-0.0822612,0.468562,0.00609875
0.419166,0.638392,1.47118,1.34199,-0.082515,0.468348,0.0062788
0.420295,0.638544,1.47034,1.34152,-0.0827677,0.468135,0.00645802
0.420458,0.638566,1.47022,1.34145,-0.0828042,0.468105,0.00648394
0.420458,0.638566,1.47022,1.34145,-0.0828042,0.468105,0.00648394
0.421584,0.638717,1.46938,1.34098,-0.0830564,0.467893,0.00666279
0.422703,0.638869,1.46854,1.34051,-0.0833074,0.467683,0.00684077
0.423814,0.63902,1.46771,1.34005,-0.0835568,0.467475,0.00701748
0.424916,0.639171,1.46689,1.33958,-0.0838045,0.467271,0.00719298
0.426011,0.639321,1.46607,1.33912,-0.0840509,0.467067,0.00736749
0.426011,0.639321,1.46607,1.33912,-0.0840509,0.467067,0.00736749
0.427105,0.639472,1.46525,1.33866,-0.0842972,0.466865,0.00754189
0.428192,0.639623,1.46444,1.3382,-0.0845423,0.466664,0.0077154
0.42927,0.639773,1.46364,1.33774,-0.0847857,0.466465,0.00788761
0.43034,0.639923,1.46284,1.33729,-0.0850274,0.466269,0.00805861
0.431253,0.640051,1.46216,1.3369,-0.0852338,0.466102,0.00820456
0.431253,0.640051,1.46216,1.3369,-0.0852338,0.466102,0.00820456
0.432316,0.640201,1.46137,1.33645,-0.0854743,0.465908,0.00837457
0.433372,0.64035,1.46058,1.336,-0.0857135,0.465715,0.00854366
0.434419,0.640499,1.4598,1.33555,-0.0859509,0.465525,0.00871143
0.435458,0.640648,1.45902,1.3351,-0.0861868,0.465337,0.008878
0.436202,0.640755,1.45847,1.33478,-0.0863558,0.465203,0.00899736
0.436202,0.640755,1.45847,1.33478,-0.0863558,0.465203,0.00899736
0.437235,0.640903,1.4577,1.33434,-0.0865905,0.465016,0.00916305
0.43826,0.641051,1.45694,1.3339,-0.0868239,0.464832,0.00932778
0.439277,0.641198,1.45618,1.33346,-0.0870555,0.46465,0.00949118
0.440286,0.641345,1.45543,1.33302,-0.0872855,0.46447,0.0096534
0.440874,0.641431,1.45499,1.33277,-0.0874197,0.464365,0.00974805
0.440874,0.641431,1.45499,1.33277,-0.0874197,0.464365,0.00974805
0.441878,0.641578,1.45424,1.33234,-0.0876487,0.464186,0.00990948
0.442874,0.641725,1.4535,1.3319,-0.0878763,0.464009,0.0100699
0.443861,0.641871,1.45277,1.33148,-0.0881022,0.463834,0.010229
0.444841,0.642016,1.45204,1.33105,-0.0883264,0.463662,0.010387
0.445285,0.642082,1.45171,1.33086,-0.0884283,0.463583,0.0104587
0.445285,0.642082,1.45171,1.33086,-0.0884283,0.463583,0.0104587
0.44626,0.642227,1.45099,1.33043,-0.0886516,0.463412,0.0106159
0.447228,0.642372,1.45027,1.33001,-0.0888736,0.463242,0.0107722
0.448187,0.642516,1.44955,1.32959,-0.0890937,0.463075,0.0109271
0.449138,0.64266,1.44885,1.32917,-0.0893123,0.462909,0.0110808
0.44945,0.642707,1.44862,1.32903,-0.0893841,0.462854,0.0111313
0.44945,0.642707,1.44862,1.32903,-0.0893841,0.462854,0.0111313
0.450397,0.64285,1.44791,1.32862,-0.0896019,0.46269,0.0112844
0.451337,0.642993,1.44721,1.32821,-0.0898183,0.462527,0.0114366
0.452268,0.643135,1.44652,1.3278,-0.0900328,0.462366,0.0115873
0.453192,0.643277,1.44584,1.32739,-0.0902459,0.462207,0.0117369
0.453383,0.643306,1.4457,1.3273,-0.0902898,0.462174,0.0117678
0.453383,0.643306,1.4457,1.3273,-0.0902898,0.462174,0.0117678
0.454303,0.643447,1.44501,1.3269,-0.0905022,0.462016,0.0119169
0.455216,0.643588,1.44434,1.32649,-0.0907131,0.461859,0.012065
0.45612,0.643728,1.44367,1.32609,-0.0909221,0.461705,0.0122116
0.457017,0.643868,1.443,1.32569,-0.0911297,0.461552,0.0123573
0.457095,0.64388,1.44294,1.32566,-0.0911478,0.461539,0.01237
0.457095,0.64388,1.44294,1.32566,-0.0911478,0.461539,0.01237
0.457989,0.644019,1.44228,1.32526,-0.0913548,0.461386,0.0125152
0.458876,0.644158,1.44162,1.32487,-0.0915603,0.461236,0.0126593
0.459754,0.644296,1.44097,1.32447,-0.0917639,0.461088,0.0128019
0.460601,0.644429,1.44034,1.3241,-0.0919605,0.460945,0.0129397
0.460601,0.644429,1.44034,1.3241,-0.0919605,0.460945,0.0129397
0.46147,0.644566,1.4397,1.32371,-0.0921622,0.460798,0.013081
0.462331,0.644703,1.43906,1.32332,-0.0923623,0.460654,0.0132212
0.463184,0.644838,1.43843,1.32294,-0.0925606,0.460511,0.01336
0.463911,0.644954,1.43789,1.32261,-0.09273,0.46039,0.0134786
0.463911,0.644954,1.43789,1.32261,-0.09273,0.46039,0.0134786
0.464755,0.645089,1.43727,1.32223,-0.0929266,0.460249,0.0136161
0.465592,0.645223,1.43665,1.32186,-0.0931215,0.46011,0.0137525
0.46642,0.645357,1.43604,1.32148,-0.0933146,0.459973,0.0138875
0.467037,0.645456,1.43558,1.3212,-0.0934587,0.459871,0.0139882
0.467037,0.645456,1.43558,1.3212,-0.0934587,0.459871,0.0139882
0.467857,0.645589,1.43497,1.32083,-0.0936501,0.459735,0.0141221
0.46867,0.645721,1.43437,1.32046,-0.09384,0.459601,0.0142548
0.469474,0.645852,1.43378,1.3201,-0.094028,0.459469,0.0143861
0.469989,0.645936,1.4334,1.31987,-0.0941485,0.459385,0.0144702
0.469989,0.645936,1.4334,1.31987,-0.0941485,0.459385,0.0144702
0.470786,0.646066,1.43281,1.3195,-0.094335,0.459254,0.0146005
0.471575,0.646195,1.43222,1.31914,-0.0945198,0.459125,0.0147295
0.472356,0.646323,1.43165,1.31879,-0.0947028,0.458998,0.0148572
0.472776,0.646393,1.43134,1.3186,-0.0948015,0.45893,0.014926
0.472776,0.646393,1.43134,1.3186,-0.0948015,0.45893,0.014926
0.473551,0.646521,1.43077,1.31824,-0.0949831,0.458804,0.0150527
0.474317,0.646647,1.4302,1.31789,-0.095163,0.45868,0.0151782
0.475075,0.646773,1.42964,1.31755,-0.0953411,0.458558,0.0153024
0.475409,0.646829,1.42939,1.31739,-0.0954195,0.458504,0.015357
0.475409,0.646829,1.42939,1.31739,-0.0954195,0.458504,0.015357
0.476161,0.646954,1.42884,1.31705,-0.0955963,0.458383,0.0154802
0.476906,0.647079,1.42829,1.31671,-0.0957715,0.458263,0.0156023
0.477642,0.647202,1.42775,1.31637,-0.0959448,0.458146,0.015723
0.477895,0.647244,1.42756,1.31625,-0.0960043,0.458105,0.0157644
0.477895,0.647244,1.42756,1.31625,-0.0960043,0.458105,0.0157644
0.478626,0.647367,1.42702,1.31591,-0.0961765,0.457988,0.0158843
0.479349,0.647489,1.42649,1.31558,-0.096347,0.457873,0.016003
0.480064,0.64761,1.42596,1.31525,-0.0965157,0.457759,0.0161204
0.480242,0.64764,1.42583,1.31517,-0.0965578,0.457731,0.0161496
0.480242,0.64764,1.42583,1.31517,-0.0965578,0.457731,0.0161496
0.480953,0.647761,1.4253,1.31484,-0.0967254,0.457618,0.0162663
0.481655,0.64788,1.42479,1.31452,-0.0968913,0.457507,0.0163816
0.48235,0.647998,1.42427,1.31419,-0.0970554,0.457398,0.0164957
0.48246,0.648017,1.42419,1.31414,-0.0970814,0.457381,0.0165138
0.48246,0.648017,1.42419,1.31414,-0.0970814,0.457381,0.0165138
0.48315,0.648135,1.42368,1.31382,-0.0972446,0.457272,0.0166272
0.483832,0.648252,1.42318,1.31351,-0.097406,0.457165,0.0167394
0.484507,0.648368,1.42268,1.31319,-0.0975657,0.457059,0.0168503
0.484554,0.648376,1.42265,1.31317,-0.0975768,0.457052,0.0168581
0.484554,0.648376,1.42265,1.31317,-0.0975768,0.457052,0.0168581
0.485225,0.648491,1.42216,1.31286,-0.0977357,0.456947,0.0169684
0.485887,0.648605,1.42167,1.31255,-0.0978927,0.456843,0.0170774
0.486532,0.648717,1.42119,1.31225,-0.0980455,0.456743,0.0171835
0.486532,0.648717,1.42119,1.31225,-0.0980455,0.456743,0.0171835
0.487184,0.64883,1.42071,1.31194,-0.0982001,0.456642,0.0172908
0.487827,0.648941,1.42024,1.31164,-0.0983529,0.456542,0.0173967
0.4884,0.649041,1.41982,1.31137,-0.0984888,0.456453,0.0174911
0.4884,0.649041,1.41982,1.31137,-0.0984888,0.456453,0.0174911
0.489033,0.649151,1.41935,1.31108,-0.0986393,0.456355,0.0175954
0.489658,0.649261,1.41889,1.31078,-0.0987879,0.456259,0.0176984
0.490164,0.649349,1.41852,1.31055,-0.0989082,0.456181,0.0177818
0.490164,0.649349,1.41852,1.31055,-0.0989082,0.456181,0.0177818
0.49078,0.649457,1.41807,1.31026,-0.0990546,0.456087,0.0178833
0.491387,0.649564,1.41762,1.30997,-0.0991991,0.455994,0.0179834
0.491831,0.649642,1.4173,1.30976,-0.0993048,0.455926,0.0180566
0.491831,0.649642,1.4173,1.30976,-0.0993048,0.455926,0.0180566
0.492429,0.649748,1.41686,1.30948,-0.0994473,0.455835,0.0181553
0.493019,0.649852,1.41642,1.3092,-0.0995878,0.455745,0.0182526
0.493406,0.64992,1.41614,1.30902,-0.09968,0.455686,0.0183164
0.493406,0.64992,1.41614,1.30902,-0.09968,0.455686,0.0183164
0.493987,0.650023,1.41571,1.30874,-0.0998185,0.455598,0.0184123
0.49456,0.650125,1.41529,1.30847,-0.0999552,0.455511,0.0185068
0.494893,0.650185,1.41505,1.30832,-0.100035,0.45546,0.0185618
0.494893,0.650185,1.41505,1.30832,-0.100035,0.45546,0.0185618
0.495457,0.650285,1.41463,1.30805,-0.10017,0.455375,0.0186551
0.496014,0.650385,1.41422,1.30778,-0.100302,0.455291,0.018747
0.496297,0.650435,1.41401,1.30765,-0.10037,0.455248,0.0187939
0.496297,0.650435,1.41401,1.30765,-0.10037,0.455248,0.0187939
0.496846,0.650533,1.41361,1.30739,-0.100501,0.455166,0.0188845
0.497387,0.65063,1.41322,1.30713,-0.100631,0.455085,0.0189738
0.497624,0.650673,1.41304,1.30702,-0.100687,0.455049,0.0190131
0.497624,0.650673,1.41304,1.30702,-0.100687,0.455049,0.0190131
0.498158,0.650769,1.41265,1.30676,-0.100815,0.454969,0.0191013
0.498683,0.650864,1.41226,1.30651,-0.100941,0.454891,0.0191881
0.498878,0.650899,1.41212,1.30642,-0.100987,0.454861,0.0192204
0.498878,0.650899,1.41212,1.30642,-0.100987,0.454861,0.0192204
0.499396,0.650992,1.41174,1.30617,-0.101112,0.454784,0.0193061
0.499906,0.651085,1.41137,1.30593,-0.101234,0.454708,0.0193904
0.500062,0.651113,1.41125,1.30586,-0.101271,0.454685,0.0194162
0.500062,0.651113,1.41125,1.30586,-0.101271,0.454685,0.0194162
0.500566,0.651204,1.41088,1.30562,-0.101392,0.45461,0.0194995
0.501061,0.651294,1.41052,1.30538,-0.101511,0.454537,0.0195815
0.501181,0.651316,1.41043,1.30532,-0.101539,0.454519,0.0196013
0.501181,0.651316,1.41043,1.30532,-0.101539,0.454519,0.0196013
0.50167,0.651405,1.41007,1.30509,-0.101657,0.454447,0.0196823
0.502151,0.651493,1.40972,1.30486,-0.101772,0.454376,0.0197619
0.502238,0.651509,1.40966,1.30481,-0.101793,0.454363,0.0197762
0.502238,0.651509,1.40966,1.30481,-0.101793,0.454363,0.0197762
0.502713,0.651595,1.40931,1.30459,-0.101907,0.454293,0.019855
0.503181,0.651681,1.40897,1.30436,-0.102019,0.454224,0.0199323
0.503236,0.651691,1.40892,1.30434,-0.102033,0.454216,0.0199415
0.503236,0.651691,1.40892,1.30434,-0.102033,0.454216,0.0199415
0.503698,0.651776,1.40859,1.30411,-0.102144,0.454148,0.0200181
0.504152,0.651859,1.40825,1.30389,-0.102253,0.454081,0.0200933
0.504179,0.651864,1.40823,1.30388,-0.102259,0.454077,0.0200978
0.504179,0.651864,1.40823,1.30388,-0.102259,0.454077,0.0200978
0.504628,0.651947,1.4079,1.30367,-0.102367,0.454012,0.0201721
0.505069,0.652028,1.40758,1.30345,-0.102473,0.453947,0.0202452
0.505071,0.652028,1.40758,1.30345,-0.102474,0.453947,0.0202454
0.505071,0.652028,1.40758,1.30345,-0.102474,0.453947,0.0202454
0.505507,0.652108,1.40726,1.30324,-0.102579,0.453883,0.0203177
0.505912,0.652183,1.40696,1.30305,-0.102676,0.453824,0.0203849
0.505912,0.652183,1.40696,1.30305,-0.102676,0.453824,0.0203849
0.506336,0.652262,1.40665,1.30284,-0.102778,0.453763,0.0204552
0.506708,0.65233,1.40638,1.30266,-0.102868,0.453709,0.0205168
0.506708,0.65233,1.40638,1.30266,-0.102868,0.453709,0.0205168
0.50712,0.652407,1.40608,1.30246,-0.102967,0.453649,0.0205851
0.507459,0.65247,1.40583,1.3023,-0.103049,0.4536,0.0206414
0.507459,0.65247,1.40583,1.3023,-0.103049,0.4536,0.0206414
0.50786,0.652544,1.40554,1.30211,-0.103145,0.453542,0.0207078
0.508169,0.652602,1.40531,1.30196,-0.10322,0.453497,0.0207591
0.508169,0.652602,1.40531,1.30196,-0.10322,0.453497,0.0207591
0.508558,0.652674,1.40503,1.30177,-0.103314,0.453441,0.0208236
0.50884,0.652727,1.40482,1.30163,-0.103382,0.4534,0.0208704
0.50884,0.652727,1.40482,1.30163,-0.103382,0.4534,0.0208704
0.509218,0.652797,1.40454,1.30145,-0.103473,0.453346,0.0209331
0.509474,0.652845,1.40436,1.30132,-0.103535,0.453309,0.0209755
0.509474,0.652845,1.40436,1.30132,-0.103535,0.453309,0.0209755
0.509841,0.652914,1.40409,1.30114,-0.103623,0.453256,0.0210365
0.510073,0.652957,1.40392,1.30103,-0.103679,0.453223,0.0210749
0.510073,0.652957,1.40392,1.30103,-0.103679,0.453223,0.0210749
0.51043,0.653024,1.40366,1.30086,-0.103765,0.453172,0.0211341
0.510639,0.653063,1.40351,1.30076,-0.103816,0.453142,0.0211688
0.510639,0.653063,1.40351,1.30076,-0.103816,0.453142,0.0211688
0.510985,0.653128,1.40325,1.30059,-0.103899,0.453092,0.0212264
0.511173,0.653163,1.40311,1.3005,-0.103945,0.453065,0.0212576
0.511173,0.653163,1.40311,1.3005,-0.103945,0.453065,0.0212576
0.51151,0.653227,1.40287,1.30033,-0.104026,0.453017,0.0213135
0.511678,0.653258,1.40275,1.30025,-0.104067,0.452993,0.0213414
0.511678,0.653258,1.40275,1.30025,-0.104067,0.452993,0.0213414
0.512006,0.65332,1.40251,1.30009,-0.104146,0.452946,0.0213958
0.512156,0.653348,1.4024,1.30002,-0.104182,0.452925,0.0214207
0.512156,0.653348,1.4024,1.30002,-0.104182,0.452925,0.0214207
0.512474,0.653408,1.40216,1.29986,-0.104259,0.45288,0.0214735
0.512607,0.653433,1.40207,1.2998,-0.104291,0.452861,0.0214955
0.512607,0.653433,1.40207,1.2998,-0.104291,0.452861,0.0214955
0.512916,0.653492,1.40184,1.29965,-0.104366,0.452817,0.0215469
0.513033,0.653514,1.40176,1.29959,-0.104394,0.4528,0.0215663
0.513033,0.653514,1.40176,1.29959,-0.104394,0.4528,0.0215663
0.513333,0.653571,1.40154,1.29944,-0.104467,0.452758,0.0216162
0.513435,0.65359,1.40146,1.29939,-0.104492,0.452743,0.0216332
0.513435,0.65359,1.40146,1.29939,-0.104492,0.452743,0.0216332
0.513727,0.653645,1.40125,1.29925,-0.104563,0.452702,0.0216817
0.513816,0.653662,1.40118,1.29921,-0.104584,0.452689,0.0216964
0.513816,0.653662,1.40118,1.29921,-0.104584,0.452689,0.0216964
0.514099,0.653716,1.40098,1.29907,-0.104653,0.452649,0.0217435
0.514175,0.65373,1.40092,1.29903,-0.104671,0.452639,0.0217561
0.514175,0.65373,1.40092,1.29903,-0.104671,0.452639,0.0217561
0.514451,0.653783,1.40072,1.2989,-0.104738,0.4526,0.0218019
0.514515,0.653795,1.40067,1.29887,-0.104753,0.452591,0.0218125
0.514515,0.653795,1.40067,1.29887,-0.104753,0.452591,0.0218125
0.514783,0.653846,1.40048,1.29873,-0.104818,0.452553,0.021857
0.514836,0.653856,1.40044,1.29871,-0.104831,0.452545,0.0218659
0.514836,0.653856,1.40044,1.29871,-0.104831,0.452545,0.0218659
0.515096,0.653905,1.40025,1.29858,-0.104894,0.452509,0.0219091
0.515139,0.653914,1.40022,1.29856,-0.104905,0.452503,0.0219163
0.515139,0.653914,1.40022,1.29856,-0.104905,0.452503,0.0219163
0.515392,0.653962,1.40003,1.29844,-0.104966,0.452467,0.0219583
0.515425,0.653968,1.40001,1.29842,-0.104974,0.452462,0.0219639
0.515425,0.653968,1.40001,1.29842,-0.104974,0.452462,0.0219639
0.515671,0.654015,1.39983,1.2983,-0.105034,0.452428,0.0220047
0.515696,0.65402,1.39981,1.29829,-0.10504,0.452424,0.0220089
0.515696,0.65402,1.39981,1.29829,-0.10504,0.452424,0.0220089
0.515935,0.654065,1.39964,1.29817,-0.105097,0.452391,0.0220486
0.515952,0.654069,1.39962,1.29816,-0.105102,0.452388,0.0220514
0.515952,0.654069,1.39962,1.29816,-0.105102,0.452388,0.0220514
0.516184,0.654113,1.39945,1.29805,-0.105158,0.452356,0.02209
0.516194,0.654115,1.39945,1.29804,-0.10516,0.452354,0.0220916
0.516194,0.654115,1.39945,1.29804,-0.10516,0.452354,0.0220916
0.516419,0.654158,1.39928,1.29793,-0.105215,0.452323,0.0221291
0.516422,0.654158,1.39928,1.29793,-0.105216,0.452322,0.0221296
0.516422,0.654158,1.39928,1.29793,-0.105216,0.452322,0.0221296
0.516638,0.6542,1.39912,1.29782,-0.105268,0.452292,0.0221655
0.516638,0.6542,1.39912,1.29782,-0.105268,0.452292,0.0221655
0.516842,0.654239,1.39897,1.29772,-0.105318,0.452263,0.0221994
0.516842,0.654239,1.39897,1.29772,-0.105318,0.452263,0.0221994
0.517035,0.654276,1.39883,1.29763,-0.105364,0.452236,0.0222315
0.517035,0.654276,1.39883,1.29763,-0.105364,0.452236,0.0222315
0.517217,0.65431,1.3987,1.29754,-0.105409,0.452211,0.0222617
0.517217,0.65431,1.3987,1.29754,-0.105409,0.452211,0.0222617
0.517389,0.654343,1.39857,1.29745,-0.10545,0.452187,0.0222904
0.517389,0.654343,1.39857,1.29745,-0.10545,0.452187,0.0222904
0.517552,0.654375,1.39846,1.29737,-0.10549,0.452164,0.0223174
